sample	population	B008_1	B008_2	B064_1	B064_2	B050_1	B050_2	B030_1	B030_2	BO31_1	BO31_2	BO65_1	BO65_2	B135_1	B135_2	B088_1	B088_2	B174_1	B174_2	B075_1	B075_2	B155_1	B155_2
13_JGEXPT2_PCR1_PM1_E02	Vediltsy	152	172	152	152	232	246	152	164	220	220	407	407	181	197	156	163	333	374	129	132	320	320
14_JGEXPT2_PCR1_PM1_F02	Vediltsy	152	172	152	152	232	246	152	164	209	220	407	407	181	197	156	156	333	374	135	135	291	320
15_JGEXPT2_PCR1_PM1_G02	Vediltsy	152	172	152	152	232	246	152	164	220	220	407	407	181	197	156	156	333	374	132	132	291	320
16_JGEXPT2_PCR1_PM1_H02	Vediltsy	152	172	152	152	232	232	164	164	220	220	407	407	181	197	156	156	333	374	132	132	291	320
17_JGEXPT2_PCR1_PM1_A03	Vediltsy	152	172	152	152	232	246	152	152	209	223	null	null	181	197	156	163	333	374	129	132	291	320
18_JGEXPT2_PCR1_PM1_B03	Vediltsy	152	172	152	152	232	232	152	152	223	223	407	407	181	181	166	166	null	null	132	132	null	null
19_JGEXPT2_PCR1_PM1_C03	Vediltsy	152	172	152	152	232	246	152	152	209	209	407	407	181	197	156	163	333	374	129	129	291	320
20_JGEXPT2_PCR1_PM1_D03	Vediltsy	152	174	152	152	232	232	152	152	220	220	407	407	181	197	156	166	333	374	138	138	291	320
21_JGEXPT2_PCR1_PM1_E03	Vediltsy	152	172	144	152	232	232	152	152	220	220	358	407	181	181	156	166	333	374	138	138	320	320
22_JGEXPT2_PCR1_PM1_F03	Vediltsy	152	172	148	152	232	246	152	152	220	220	324	358	181	181	163	166	374	374	135	138	291	320
24_JGEXPT2_PCR1_PM1_H03	Vediltsy	152	174	152	152	232	232	152	152	209	220	407	407	181	197	156	156	333	374	132	138	291	320
17_NULLNULLA_CHERN1_PCR1_A03	Vediltsy	152	172	152	152	232	232	152	152	220	223	324	358	181	181	163	166	333	374	132	135	320	320
18_NULLNULLA_CHERN1_PCR1_B03	Vediltsy	152	152	152	152	232	232	164	164	220	220	407	407	197	197	153	166	333	374	129	132	291	320
19_NULLNULLA_CHERN1_PCR1_C03	Vediltsy	152	172	152	152	232	232	152	152	223	223	407	407	181	197	156	163	333	374	138	138	null	null
20_NULLNULLA_CHERN1_PCR1_D03	Vediltsy	152	172	152	152	232	232	152	164	220	220	407	407	181	181	156	166	333	374	129	132	291	320
21_NULLNULLA_CHERN1_PCR1_E03	Vediltsy	152	172	144	152	232	246	152	152	220	220	407	407	181	181	156	166	333	374	138	138	291	291
22_NULLNULLA_CHERN1_PCR1_F03	Vediltsy	152	172	152	152	232	246	152	152	220	223	407	407	181	197	156	156	333	374	129	138	291	320
23_NULLNULLA_CHERN1_PCR1_G03	Vediltsy	152	172	152	152	232	246	152	164	209	220	407	407	181	197	156	156	333	374	129	132	291	320
24_NULLNULLA_CHERN1_PCR1_H03	Vediltsy	152	174	152	152	232	232	152	164	209	209	407	407	197	197	163	166	333	374	132	132	291	320
25_NULLNULLA_CHERN1_PCR1_A04	Vediltsy	152	152	152	152	246	246	152	164	220	223	407	407	181	181	166	166	333	374	129	138	291	320
26_NULLNULLA_CHERN1_PCR1_B04	Vediltsy	152	174	152	152	232	232	152	152	220	220	407	407	181	197	156	156	333	374	138	138	291	320
27_NULLNULLA_CHERN1_PCR1_C04	Vediltsy	152	172	144	152	232	246	152	152	209	220	407	407	181	197	156	163	333	374	132	138	320	320
28_NULLNULLA_CHERN1_PCR1_D04	Vediltsy	152	172	152	152	232	232	152	152	220	220	358	407	181	197	156	166	374	374	129	138	320	320
29_NULLNULLA_CHERN1_PCR1_E04	Vediltsy	172	172	152	152	232	232	152	152	209	220	407	407	181	197	156	163	null	null	129	132	291	320
30_NULLNULLA_CHERN1_PCR1_F04	Vediltsy	152	172	152	152	232	232	152	152	209	223	407	407	181	197	156	163	333	374	132	132	291	291
31_NULLNULLA_CHERN1_PCR1_G04	Vediltsy	152	172	148	152	232	246	152	164	209	220	407	407	181	197	156	156	333	374	132	135	291	320
32_NULLNULLA_CHERN1_PCR1_H04	Vediltsy	152	172	152	152	232	246	152	152	220	220	407	407	181	197	156	156	333	374	135	138	291	320
01_JGEXPT2_PCR1_PM1_A01	Smolin	152	172	144	148	232	246	164	171	220	220	407	407	181	197	156	156	333	374	132	147	320	320
02_JGEXPT2_PCR1_PM1_B01	Smolin	152	172	144	152	232	232	164	164	220	220	366	366	181	197	156	156	333	374	132	132	291	291
03_JGEXPT2_PCR1_PM1_C01	Smolin	152	172	152	152	232	246	164	164	220	220	null	null	181	197	163	163	374	374	132	135	291	291
04_JGEXPT2_PCR1_PM1_D01	Smolin	152	172	144	144	236	246	164	171	197	215	366	375	181	181	163	163	355	355	132	144	null	null
05_JGEXPT2_PCR1_PM1_E01	Smolin	152	172	144	152	232	246	164	164	197	220	366	366	181	197	156	163	333	374	132	144	291	291
06_JGEXPT2_PCR1_PM1_F01	Smolin	152	174	152	152	232	246	164	164	220	220	407	407	181	197	156	163	333	374	132	132	291	320
07_JGEXPT2_PCR1_PM1_G01	Smolin	152	172	148	148	232	246	171	171	220	220	358	407	181	197	156	163	374	374	138	138	291	291
08_JGEXPT2_PCR1_PM1_H01	Smolin	168	172	144	144	236	236	164	171	220	220	324	358	181	197	156	156	333	374	132	132	291	291
09_JGEXPT2_PCR1_PM1_A02	Smolin	152	172	144	152	232	246	164	164	209	220	407	407	181	197	163	163	333	374	132	132	291	291
10_JGEXPT2_PCR1_PM1_B02	Smolin	172	172	152	152	236	236	173	173	null	null	null	null	181	181	163	163	null	null	132	132	null	null
11_JGEXPT2_PCR1_PM1_C02	Smolin	168	172	152	152	236	236	173	173	215	215	407	407	181	181	163	163	333	374	132	147	291	291
12_JGEXPT2_PCR1_PM1_D02	Smolin	152	172	152	152	232	246	164	164	197	197	407	407	181	181	156	156	374	374	132	132	291	291
01_NULLNULLA_CHERN1_PCR1_A01	Smolin	152	172	152	152	232	232	164	173	197	220	358	407	181	181	156	163	333	374	132	135	291	291
02_NULLNULLA_CHERN1_PCR1_B01	Smolin	152	172	144	152	232	246	164	173	197	220	407	407	181	181	156	163	333	374	132	132	291	291
03_NULLNULLA_CHERN1_PCR1_C01	Smolin	152	172	144	144	236	236	164	164	197	215	358	407	181	181	156	156	333	374	132	138	291	291
04_NULLNULLA_CHERN1_PCR1_D01	Smolin	152	172	144	148	236	246	164	164	220	220	366	375	181	181	163	163	333	374	132	132	291	291
05_NULLNULLA_CHERN1_PCR1_E01	Smolin	152	174	144	144	232	246	164	164	209	220	407	407	181	197	156	163	374	374	132	132	291	291
06_NULLNULLA_CHERN1_PCR1_F01	Smolin	152	172	152	152	236	236	164	171	220	220	366	407	181	181	163	163	333	374	132	132	291	291
07_NULLNULLA_CHERN1_PCR1_G01	Smolin	152	172	152	152	232	246	164	171	220	220	366	407	181	197	156	156	333	374	132	132	291	291
08_NULLNULLA_CHERN1_PCR1_H01	Smolin	152	152	144	152	236	236	164	173	220	220	366	366	181	181	156	156	333	333	132	132	291	291
09_NULLNULLA_CHERN1_PCR1_A02	Smolin	152	172	144	152	232	246	171	171	197	197	366	407	181	197	156	156	333	374	132	144	null	null
10_NULLNULLA_CHERN1_PCR1_B02	Smolin	168	172	144	152	232	246	164	164	197	220	407	407	181	181	156	163	374	374	132	144	291	291
11_NULLNULLA_CHERN1_PCR1_C02	Smolin	172	172	152	152	232	246	164	173	220	220	366	366	181	181	163	163	333	374	132	132	null	null
12_NULLNULLA_CHERN1_PCR1_D02	Smolin	152	152	144	144	232	246	164	164	197	215	358	407	181	197	156	156	374	355	132	132	291	291
13_NULLNULLA_CHERN1_PCR1_E02	Smolin	152	172	144	152	232	236	164	164	197	220	366	366	181	197	156	163	333	333	132	132	291	291
14_NULLNULLA_CHERN1_PCR1_F02	Smolin	152	172	144	148	232	246	164	173	220	220	366	366	181	197	156	163	333	333	132	132	291	291
15_NULLNULLA_CHERN1_PCR1_G02	Smolin	152	174	144	148	232	246	164	164	197	197	407	407	181	181	156	156	374	374	132	138	291	291
16_NULLNULLA_CHERN1_PCR1_H02	Smolin	152	172	152	152	232	232	164	164	220	220	407	407	181	197	156	156	333	374	132	132	291	291
25_JGEXPT2_PCR1_PM1_A04	Yampol	152	172	144	152	232	232	152	152	215	220	null	null	181	197	156	163	333	374	135	135	291	320
26_JGEXPT2_PCR1_PM1_B04	Yampol	152	172	152	152	232	232	152	152	220	220	375	375	181	181	156	163	333	374	129	129	320	320
27_JGEXPT2_PCR1_PM1_C04	Yampol	152	172	152	152	232	232	152	152	220	220	null	null	181	181	156	156	374	374	129	129	320	320
28_JGEXPT2_PCR1_PM1_D04	Yampol	152	172	152	152	232	232	152	152	220	220	407	407	181	197	156	163	333	374	135	135	320	320
29_JGEXPT2_PCR1_PM1_E04	Yampol	152	172	144	152	232	246	152	152	220	220	407	407	181	197	156	163	333	374	132	132	320	320
30_JGEXPT2_PCR1_PM1_F04	Yampol	168	168	144	144	246	246	164	164	null	null	363	363	181	181	163	163	null	null	132	132	null	null
31_JGEXPT2_PCR1_PM1_G04	Yampol	152	172	152	152	232	232	152	164	null	null	358	358	181	197	156	163	333	337	132	132	320	320
32_JGEXPT2_PCR1_PM1_H04	Yampol	172	172	144	144	232	232	152	152	209	209	358	358	181	181	156	163	337	337	132	132	320	320
33_JGEXPT2_PCR1_PM1_A05	Yampol	152	172	152	152	232	232	152	164	220	220	null	null	181	197	156	163	333	374	132	135	320	320
34_JGEXPT2_PCR1_PM1_B05	Yampol	152	172	152	152	232	232	152	164	220	220	407	407	181	197	163	163	333	374	132	135	320	320
35_JGEXPT2_PCR1_PM1_C05	Yampol	152	172	152	152	232	232	152	159	209	220	407	407	181	181	156	156	333	374	129	129	291	320
36_JGEXPT2_PCR1_PM1_D05	Yampol	152	172	152	152	232	232	152	152	220	220	407	407	181	181	156	156	374	374	132	135	320	320
33_NULLNULLA_CHERN1_PCR1_A04	Yampol	152	172	144	152	232	232	152	152	220	220	358	407	181	197	156	156	333	374	132	135	291	320
34_NULLNULLA_CHERN1_PCR1_B04	Yampol	152	172	152	152	232	232	152	164	215	220	358	358	181	197	156	163	333	337	132	132	291	320
35_NULLNULLA_CHERN1_PCR1_C04	Yampol	152	172	152	152	232	232	152	152	220	220	407	407	181	197	156	163	333	374	132	132	320	320
36_NULLNULLA_CHERN1_PCR1_D04	Yampol	152	172	152	152	232	232	152	152	215	220	358	358	181	197	156	163	333	337	132	135	320	320
37_NULLNULLA_CHERN1_PCR1_E04	Yampol	152	172	144	152	232	232	152	152	215	220	358	358	181	197	156	163	null	null	129	129	320	320
38_NULLNULLA_CHERN1_PCR1_F04	Yampol	152	172	144	144	232	232	152	164	215	220	407	407	181	197	163	163	333	374	129	132	320	320
39_NULLNULLA_CHERN1_PCR1_G04	Yampol	152	172	152	152	232	232	152	152	220	220	407	407	181	197	156	163	333	374	132	135	320	320
40_NULLNULLA_CHERN1_PCR1_A05	Yampol	152	168	152	152	232	232	164	164	220	220	363	363	181	181	163	163	333	337	132	135	320	320
41_NULLNULLA_CHERN1_PCR1_B05	Yampol	152	172	152	152	232	232	152	152	220	220	407	47	181	181	156	156	374	374	132	132	320	320
42_NULLNULLA_CHERN1_PCR1_C05	Yampol	152	172	152	152	232	232	152	164	220	220	407	407	181	181	156	156	374	374	129	135	320	320
43_NULLNULLA_CHERN1_PCR1_D05	Yampol	152	172	152	152	232	232	152	159	209	209	358	358	181	181	156	163	337	337	129	132	320	320
44_NULLNULLA_CHERN1_PCR1_E05	Yampol	152	172	144	152	246	246	152	152	209	209	407	407	181	181	156	156	333	374	132	132	320	320
45_NULLNULLA_CHERN1_PCR1_F05	Yampol	168	172	152	152	232	246	152	164	220	220	375	375	181	181	156	163	333	374	132	132	291	320
46_NULLNULLA_CHERN1_PCR1_G05	Yampol	172	172	152	152	232	232	152	152	209	220	358	358	181	197	156	163	333	374	129	135	320	320
47_NULLNULLA_CHERN1_PCR1_H05	Yampol	152	172	152	152	232	232	152	152	220	220	407	407	181	197	163	163	333	374	129	135	320	320
48_NULLNULLA_CHERN1_PCR1_H04	Yampol	168	172	144	144	232	232	164	164	220	220	358	407	181	181	156	156	374	374	129	135	320	320
49_JGEXPT2_PCR1_PM1_A07	Glinka	152	152	152	152	232	232	152	159	220	220	407	407	181	181	156	156	333	333	132	132	320	320
50_JGEXPT2_PCR1_PM1_B07	Glinka	172	172	144	144	null	null	null	null	209	209	null	null	181	181	163	166	337	337	132	132	null	null
51_JGEXPT2_PCR1_PM1_C07	Glinka	152	172	152	152	232	232	152	159	220	220	null	null	181	181	156	156	333	374	132	132	291	291
52_JGEXPT2_PCR1_PM1_D07	Glinka	172	172	144	144	null	null	null	null	215	220	null	null	181	181	163	166	337	337	132	132	null	null
53_JGEXPT2_PCR1_PM1_E07	Glinka	172	172	152	152	232	232	161	161	223	223	null	null	181	181	163	163	374	374	132	132	null	null
54_JGEXPT2_PCR1_PM1_F07	Glinka	172	172	144	152	null	null	null	null	null	null	null	null	181	181	163	166	337	337	132	132	null	null
55_JGEXPT2_PCR1_PM1_G07	Glinka	152	172	152	152	232	232	159	159	215	215	407	407	181	197	163	163	333	374	132	132	291	320
56_JGEXPT2_PCR1_PM1_H07	Glinka	152	172	144	152	null	null	null	null	209	209	null	null	181	181	163	166	337	337	132	132	null	null
57_JGEXPT2_PCR1_PM1_A08	Glinka	152	174	152	152	232	236	159	159	215	215	407	407	181	181	156	163	333	374	135	144	320	320
58_JGEXPT2_PCR1_PM1_B08	Glinka	172	172	152	152	null	null	null	null	null	null	null	null	181	181	163	166	337	337	132	132	null	null
59_JGEXPT2_PCR1_PM1_C08	Glinka	152	172	152	152	232	232	152	159	220	220	null	null	181	181	156	163	333	374	144	144	291	320
60_JGEXPT2_PCR1_PM1_D08	Glinka	172	172	144	144	236	236	null	null	null	null	407	407	181	181	163	166	337	337	132	132	null	null
65_NULLNULLA_CHERN1_PCR1_A07	Glinka	172	172	144	144	232	232	152	161	215	220	407	407	181	181	156	163	333	333	132	132	291	291
66_NULLNULLA_CHERN1_PCR1_B07	Glinka	152	172	152	152	232	232	159	159	209	209	407	407	181	197	163	166	337	337	132	132	291	320
67_NULLNULLA_CHERN1_PCR1_C07	Glinka	172	172	152	152	232	232	152	159	215	220	407	407	181	181	156	156	337	337	135	144	291	320
68_NULLNULLA_CHERN1_PCR1_D07	Glinka	172	172	144	144	232	235	152	159	220	220	407	407	181	181	156	163	333	374	132	132	291	291
69_NULLNULLA_CHERN1_PCR1_E07	Glinka	152	174	152	152	232	232	152	152	215	215	407	407	181	181	156	163	337	337	132	132	291	320
70_NULLNULLA_CHERN1_PCR1_F07	Glinka	172	172	152	152	232	232	152	159	223	223	407	407	181	181	156	166	333	337	132	132	291	291
71_NULLNULLA_CHERN1_PCR1_G07	Glinka	172	172	144	144	236	236	152	159	209	209	407	407	181	197	163	163	337	374	132	132	291	291
72_NULLNULLA_CHERN1_PCR1_H07	Glinka	172	172	144	144	232	235	159	159	220	220	407	407	181	181	156	166	337	337	132	132	291	320
73_NULLNULLA_CHERN1_PCR1_A08	Glinka	152	172	144	152	232	232	152	159	220	223	407	407	181	181	163	166	333	374	132	132	320	320
74_NULLNULLA_CHERN1_PCR1_B08	Glinka	172	172	144	144	232	232	152	159	220	220	407	407	181	181	156	163	333	374	132	132	291	320
75_NULLNULLA_CHERN1_PCR1_C08	Glinka	152	172	152	152	232	232	159	159	220	220	407	407	197	181	163	163	337	374	132	132	291	320
76_NULLNULLA_CHERN1_PCR1_D08	Glinka	152	174	152	152	236	236	159	159	220	220	407	407	181	181	163	166	333	374	132	132	291	320
77_NULLNULLA_CHERN1_PCR1_E08	Glinka	172	172	152	152	236	236	152	159	220	220	407	407	181	181	156	163	333	337	132	132	291	320
78_NULLNULLA_CHERN1_PCR1_F08	Glinka	174	174	144	144	232	232	161	161	215	215	407	407	181	181	163	163	337	374	144	144	320	320
79_NULLNULLA_CHERN1_PCR1_G08	Glinka	152	172	152	152	232	235	159	159	220	220	407	407	181	181	163	163	333	337	132	132	291	320
80_NULLNULLA_CHERN1_PCR1_H08	Glinka	152	172	152	152	232	235	152	159	209	209	407	407	181	181	163	166	337	337	132	132	291	320
37_JGEXPT2_PCR1_PM1_E05	Buryakovka	174	174	152	152	236	236	159	171	220	220	330	375	181	181	156	156	337	344	144	144	320	320
38_JGEXPT2_PCR1_PM1_F05	Buryakovka	174	174	144	152	236	236	159	159	220	220	330	330	181	181	156	156	337	344	144	144	null	null
39_JGEXPT2_PCR1_PM1_G05	Buryakovka	172	172	152	152	232	232	159	159	220	220	330	330	181	181	156	156	344	344	144	144	null	null
40_JGEXPT2_PCR1_PM1_H05	Buryakovka	152	172	152	152	232	246	159	159	220	220	407	407	181	181	163	163	333	333	132	132	291	320
41_JGEXPT2_PCR1_PM1_A06	Buryakovka	174	174	152	152	232	236	159	159	null	null	330	330	181	181	156	156	333	344	132	144	null	null
42_JGEXPT2_PCR1_PM1_B06	Buryakovka	152	172	152	152	232	232	152	152	220	220	407	407	181	197	163	163	333	374	129	129	320	320
43_JGEXPT2_PCR1_PM1_C06	Buryakovka	152	174	144	152	232	232	159	159	220	220	330	330	181	181	156	156	337	337	144	147	320	320
44_JGEXPT2_PCR1_PM1_D06	Buryakovka	152	174	152	152	232	232	159	159	215	220	407	407	181	197	163	163	374	374	129	129	291	320
45_JGEXPT2_PCR1_PM1_E06	Buryakovka	152	172	152	152	232	232	159	159	220	223	407	407	181	197	156	163	333	374	129	129	291	320
46_JGEXPT2_PCR1_PM1_F06	Buryakovka	152	172	152	152	232	246	152	159	220	223	407	407	181	181	163	163	333	374	135	135	291	320
47_JGEXPT2_PCR1_PM1_G06	Buryakovka	152	172	152	152	232	246	152	159	220	223	407	407	181	181	163	163	333	374	147	147	320	320
48_JGEXPT2_PCR1_PM1_H06	Buryakovka	152	172	152	152	232	232	null	null	220	220	407	407	181	181	156	163	333	374	132	132	291	320
49_NULLNULLA_CHERN1_PCR1_A05	Buryakovka	152	172	152	152	236	236	159	159	220	223	407	407	181	181	156	156	333	374	132	144	320	320
50_NULLNULLA_CHERN1_PCR1_B05	Buryakovka	152	174	152	152	236	236	159	159	220	223	330	330	181	181	156	156	337	337	144	144	291	320
51_NULLNULLA_CHERN1_PCR1_C05	Buryakovka	174	174	152	152	232	232	152	171	220	220	407	407	181	197	163	163	374	374	129	129	291	320
52_NULLNULLA_CHERN1_PCR1_D05	Buryakovka	174	174	152	152	236	236	152	159	220	220	407	407	181	181	156	156	344	344	147	147	320	320
53_NULLNULLA_CHERN1_PCR1_E05	Buryakovka	172	172	152	152	232	232	159	159	220	220	330	330	181	181	156	163	337	344	144	144	320	320
54_NULLNULLA_CHERN1_PCR1_F05	Buryakovka	152	172	152	152	232	232	159	159	220	220	407	407	181	181	156	163	333	333	129	129	291	320
55_NULLNULLA_CHERN1_PCR1_G05	Buryakovka	152	172	152	152	232	232	159	159	220	220	407	407	181	181	163	163	333	374	144	144	291	320
56_NULLNULLA_CHERN1_PCR1_H05	Buryakovka	152	172	152	152	232	246	159	159	220	223	407	407	181	181	163	163	337	344	144	147	291	320
57_NULLNULLA_CHERN1_PCR1_A06	Buryakovka	152	174	152	152	232	246	159	159	220	220	407	407	181	181	156	156	333	344	135	135	291	320
58_NULLNULLA_CHERN1_PCR1_B06	Buryakovka	152	172	144	152	236	236	152	159	220	220	330	330	181	181	163	163	333	374	132	132	320	320
59_NULLNULLA_CHERN1_PCR1_C06	Buryakovka	174	174	152	152	232	232	159	159	220	220	330	330	181	197	156	163	344	344	132	132	291	320
60_NULLNULLA_CHERN1_PCR1_D06	Buryakovka	172	172	144	152	232	246	159	159	220	220	330	375	181	181	156	156	333	333	144	144	320	320
61_NULLNULLA_CHERN1_PCR1_E06	Buryakovka	152	172	152	152	232	232	152	159	220	220	407	407	181	181	156	156	337	344	144	144	291	320
62_NULLNULLA_CHERN1_PCR1_F06	Buryakovka	152	172	152	152	232	246	159	159	220	220	330	330	181	181	156	163	337	344	129	129	320	320
63_NULLNULLA_CHERN1_PCR1_G06	Buryakovka	174	174	152	152	232	236	159	171	220	220	330	330	181	197	156	163	333	374	144	144	291	320
64_NULLNULLA_CHERN1_PCR1_H06	Buryakovka	174	174	144	152	232	232	159	159	220	220	330	375	181	181	156	156	333	374	132	132	291	291
61_JGEXPT2_PCR1_PM1_E08	Krasnyansky	152	172	152	152	232	232	161	161	null	null	null	null	181	181	156	156	null	null	132	132	null	null
62_JGEXPT2_PCR1_PM1_F08	Krasnyansky	152	172	144	152	232	246	159	159	220	220	407	407	181	197	156	163	333	374	135	135	291	320
63_JGEXPT2_PCR1_PM1_G08	Krasnyansky	152	172	150	152	232	232	152	159	197	197	358	407	181	181	156	156	333	333	126	135	291	291
64_JGEXPT2_PCR1_PM1_H08	Krasnyansky	152	172	144	144	232	246	161	161	220	220	null	null	181	181	156	163	333	374	132	132	291	320
65_JGEXPT2_PCR1_PM1_A09	Krasnyansky	174	174	150	150	232	246	159	161	197	197	330	390	181	181	166	166	344	344	132	132	320	320
66_JGEXPT2_PCR1_PM1_B09	Krasnyansky	152	172	144	150	232	232	152	159	197	220	null	null	181	197	156	163	333	333	135	135	320	320
67_JGEXPT2_PCR1_PM1_C09	Krasnyansky	152	172	150	152	232	232	152	159	220	220	396	396	181	197	156	156	333	374	135	135	291	320
68_JGEXPT2_PCR1_PM1_D09	Krasnyansky	152	172	150	152	232	246	152	159	197	220	407	407	181	181	163	163	333	374	132	132	293	293
69_JGEXPT2_PCR1_PM1_E09	Krasnyansky	152	172	152	152	232	232	159	159	197	197	407	407	181	181	156	156	374	374	132	132	320	320
70_JGEXPT2_PCR1_PM1_F09	Krasnyansky	152	172	150	150	232	246	159	159	197	220	407	407	181	197	156	163	333	333	126	147	291	320
71_JGEXPT2_PCR1_PM1_G09	Krasnyansky	152	172	152	152	232	232	159	159	197	197	407	407	181	181	156	163	374	374	135	135	291	291
72_JGEXPT2_PCR1_PM1_H09	Krasnyansky	152	172	144	150	236	236	161	161	197	217	375	375	181	181	163	169	333	355	132	144	295	295
73_JGEXPT2_PCR1_PM1_A10	Krasnyansky	152	172	152	152	232	232	152	159	220	220	407	407	181	197	156	163	333	374	132	144	291	320
74_JGEXPT2_PCR1_PM1_B10	Krasnyansky	152	172	144	144	236	236	161	161	197	217	375	375	181	181	163	169	333	355	132	144	295	295
75_JGEXPT2_PCR1_PM1_C10	Krasnyansky	152	172	144	144	236	236	159	159	197	217	375	375	181	181	163	163	355	355	132	144	295	295
76_JGEXPT2_PCR1_PM1_D10	Krasnyansky	152	172	152	152	232	246	152	159	220	223	407	407	181	197	156	169	333	374	129	135	291	320
77_JGEXPT2_PCR1_PM1_E10	Krasnyansky	152	174	152	152	232	232	152	152	220	220	407	407	181	197	156	163	333	333	129	129	291	320
79_JGEXPT2_PCR1_PM1_G10	Krasnyansky	152	174	144	152	236	236	152	152	197	217	375	375	181	181	163	169	355	355	129	132	295	295
80_JGEXPT2_PCR1_PM1_H10	Krasnyansky	152	172	150	150	232	246	161	161	197	220	358	407	181	197	156	163	333	374	129	129	291	320
81_JGEXPT2_PCR1_PM1_A11	Krasnyansky	152	174	144	150	232	246	152	159	220	220	358	407	181	197	163	163	333	374	129	135	291	293
82_JGEXPT2_PCR1_PM1_B11	Krasnyansky	152	172	144	152	232	232	152	159	220	220	null	null	181	197	163	163	333	374	129	147	291	291
83_JGEXPT2_PCR1_PM1_C11	Krasnyansky	152	174	152	152	232	236	161	161	197	217	375	375	181	181	163	169	355	374	132	132	null	null
81_NULLNULLA_CHERN1_PCR1_A09	Krasnyansky	152	172	152	152	232	236	159	161	197	197	407	407	181	197	156	163	355	355	132	132	291	320
82_NULLNULLA_CHERN1_PCR1_B09	Krasnyansky	152	174	144	152	232	232	159	159	197	197	375	375	181	197	163	169	333	374	132	144	291	320
83_NULLNULLA_CHERN1_PCR1_C09	Krasnyansky	152	172	150	152	232	236	159	161	220	220	407	407	181	181	163	163	344	344	129	135	291	320
84_NULLNULLA_CHERN1_PCR1_D09	Krasnyansky	152	172	144	144	232	246	159	161	197	217	358	407	181	181	163	169	344	344	132	132	320	320
85_NULLNULLA_CHERN1_PCR1_E09	Krasnyansky	152	172	150	150	232	232	159	159	220	220	407	407	181	181	163	169	355	355	135	135	291	320
86_NULLNULLA_CHERN1_PCR1_F09	Krasnyansky	152	172	144	150	232	246	159	161	197	217	407	407	181	181	156	163	333	374	135	135	320	320
87_NULLNULLA_CHERN1_PCR1_G09	Krasnyansky	152	174	150	152	232	246	161	161	197	220	330	390	181	181	163	169	333	374	132	132	291	291
88_NULLNULLA_CHERN1_PCR1_H09	Krasnyansky	152	172	150	152	232	246	152	152	197	197	358	407	181	181	156	163	333	374	132	144	295	295
89_NULLNULLA_CHERN1_PCR1_A10	Krasnyansky	152	174	152	152	232	232	152	161	220	220	358	407	181	181	156	163	333	333	129	129	295	295
90_NULLNULLA_CHERN1_PCR1_B10	Krasnyansky	152	172	150	150	232	232	152	161	220	220	407	407	181	181	163	163	333	333	129	129	291	291
91_NULLNULLA_CHERN1_PCR1_C10	Krasnyansky	152	172	152	152	232	246	152	159	220	220	396	396	181	181	156	156	333	374	126	147	291	320
92_NULLNULLA_CHERN1_PCR1_D10	Krasnyansky	152	174	144	150	232	236	152	159	197	197	358	407	181	181	163	163	374	374	132	132	291	320
93_NULLNULLA_CHERN1_PCR1_E10	Krasnyansky	152	172	152	152	232	246	161	161	197	220	407	407	181	197	156	163	333	374	132	144	295	295
94_NULLNULLA_CHERN1_PCR1_F10	Krasnyansky	152	172	144	144	232	236	152	159	197	217	358	407	181	197	156	163	333	355	132	144	293	293
95_NULLNULLA_CHERN1_PCR1_G10	Krasnyansky	152	172	144	144	232	236	159	159	220	220	407	407	181	197	166	166	333	355	129	135	295	295
96_NULLNULLA_CHERN1_PCR1_H10	Krasnyansky	152	172	152	152	232	246	152	161	197	217	330	390	181	197	156	156	374	374	132	132	291	291
84_JGEXPT2_PCR1_PM1_D11	Gluboke	152	174	152	152	232	246	152	159	220	220	407	407	181	197	156	163	333	374	147	147	291	320
85_JGEXPT2_PCR1_PM1_E11	Gluboke	152	172	152	152	232	246	152	159	220	220	407	407	181	197	156	163	333	374	132	132	291	320
86_JGEXPT2_PCR1_PM1_F11	Gluboke	152	172	152	152	232	246	152	159	220	220	407	407	181	197	156	163	333	374	132	132	291	320
87_JGEXPT2_PCR1_PM1_G11	Gluboke	152	174	150	150	232	232	152	159	220	220	396	396	181	197	156	163	374	374	129	129	291	291
88_JGEXPT2_PCR1_PM1_H11	Gluboke	152	172	150	150	232	246	152	152	220	223	396	396	181	197	156	163	333	374	129	129	291	320
89_JGEXPT2_PCR1_PM1_A12	Gluboke	152	174	150	150	232	232	152	152	197	220	396	396	181	197	156	163	333	374	129	135	293	320
90_JGEXPT2_PCR1_PM1_B12	Gluboke	152	174	152	152	232	232	152	159	220	220	396	407	181	197	163	163	333	374	132	132	291	291
91_JGEXPT2_PCR1_PM1_C12	Gluboke	152	172	144	144	232	236	null	null	197	217	375	375	181	181	163	169	355	355	132	144	null	null
92_JGEXPT2_PCR1_PM1_D12	Gluboke	152	172	152	152	232	246	152	159	220	220	396	407	181	197	156	163	333	374	129	135	291	291
93_JGEXPT2_PCR1_PM1_E12	Gluboke	174	174	144	152	null	null	null	null	197	197	396	396	181	181	163	166	337	337	132	132	null	null
94_JGEXPT2_PCR1_PM1_F12	Gluboke	152	174	144	152	232	232	152	164	197	220	396	396	181	197	156	163	374	374	129	132	291	291
95_JGEXPT2_PCR1_PM1_G12	Gluboke	152	174	144	152	232	246	164	164	197	220	396	407	181	197	156	163	333	374	129	135	291	291
01_NULLNULLA_CHERN2_PCR1_A01	Gluboke	152	174	144	152	232	246	152	152	197	220	407	407	181	197	156	163	333	374	129	132	306	320
02_NULLNULLA_CHERN2_PCR1_B01	Gluboke	172	174	144	150	232	241	152	159	220	223	396	396	181	197	156	163	333	374	129	129	291	320
03_NULLNULLA_CHERN2_PCR1_C01	Gluboke	152	172	144	152	232	246	152	152	220	220	396	396	181	197	156	163	337	337	132	132	291	291
04_NULLNULLA_CHERN2_PCR1_D01	Gluboke	152	172	152	152	232	232	152	159	220	225	396	396	181	197	156	163	333	374	132	144	291	291
05_NULLNULLA_CHERN2_PCR1_E01	Gluboke	152	172	150	150	232	246	152	159	220	220	407	407	181	197	156	163	374	374	129	132	291	291
06_NULLNULLA_CHERN2_PCR1_F01	Gluboke	152	172	144	150	232	232	152	152	220	220	396	407	181	197	156	163	333	374	147	147	291	320
07_NULLNULLA_CHERN2_PCR1_G01	Gluboke	152	174	144	152	232	246	152	159	197	220	396	396	181	197	156	163	337	355	132	132	306	320
08_NULLNULLA_CHERN2_PCR1_H01	Gluboke	152	174	152	152	232	232	152	159	197	225	396	396	181	181	156	163	333	374	129	132	291	320
09_NULLNULLA_CHERN2_PCR1_A02	Gluboke	152	174	150	152	246	246	152	156	197	220	358	407	181	197	156	169	337	374	129	144	291	291
10_NULLNULLA_CHERN2_PCR1_B02	Gluboke	152	174	152	152	232	232	152	159	220	220	396	407	181	197	156	163	333	374	129	132	291	291
11_NULLNULLA_CHERN2_PCR1_C02	Gluboke	172	174	144	152	232	246	156	159	220	223	407	407	181	181	163	163	333	374	129	135	291	320
12_NULLNULLA_CHERN2_PCR1_D02	Gluboke	152	174	152	152	241	246	152	159	197	220	396	407	181	197	163	163	337	337	132	135	293	320
13_NULLNULLA_CHERN2_PCR1_E02	Gluboke	152	174	144	150	232	246	152	159	197	220	396	407	181	197	156	169	333	374	135	147	306	320
14_NULLNULLA_CHERN2_PCR1_F02	Gluboke	152	172	150	150	232	246	152	159	220	220	375	375	181	197	163	163	337	374	129	132	291	306
15_NULLNULLA_CHERN2_PCR1_G02	Gluboke	152	174	152	152	232	232	156	161	197	217	407	407	181	197	156	163	355	355	132	147	291	320
16_NULLNULLA_CHERN2_PCR1_H02	Gluboke	152	172	150	152	232	246	152	159	197	220	396	396	181	197	156	163	333	374	129	132	291	320
